<svg version="1.0" xmlns="http://www.w3.org/2000/svg"
 width="152.000000pt" height="42.000000pt" viewBox="0 0 152.000000 42.000000"
 preserveAspectRatio="xMidYMid meet">

<g transform="translate(0.000000,42.000000) scale(0.100000,-0.100000)"
fill="#000000" stroke="none">
<path d="M165 402 c-59 -20 -95 -79 -101 -167 l-4 -50 13 48 c8 26 22 57 33
68 27 31 78 50 113 43 40 -8 42 16 5 45 -28 22 -29 22 -59 13z"/>
<path d="M260 378 c25 -41 27 -132 4 -186 -8 -20 -14 -39 -12 -42 2 -3 -17
-15 -42 -27 -58 -30 -128 -31 -164 -2 -23 18 -25 19 -19 2 25 -67 107 -111
183 -97 38 8 95 40 122 71 46 51 63 165 33 223 -17 32 -67 74 -103 85 l-23 7
21 -34z"/>
</g>
</svg>
